v = [16 5 8];